100.0736	3526
100.9332	31
101.0576	1022
101.0747	139
101.0880	17
101.0922	15
102.0608	63
102.0886	21
102.1251	28
102.9303	15
103.0514	12
103.0718	49
104.9055	37
105.0423	14
105.0672	85
105.9335	13
106.0840	14
106.9893	17
107.0253	39
107.0462	109
107.0828	59
109.0623	40
109.0987	69
110.9722	20
111.0415	27
111.0776	27
111.1143	17
113.0572	30
113.0935	11
113.1055	14
114.0891	486
115.0350	103
115.0502	20
115.0727	45
115.0916	40
115.9269	16
116.0689	14
116.9741	19
117.0467	17
117.0665	14
117.0870	39
118.9748	59
119.0828	34
121.0049	34
121.0260	32
121.0378	34
121.0476	23
121.0615	42
121.0981	37
122.0550	118
122.0773	45
123.0415	63
123.0786	28
123.1133	42
125.0358	16
125.0570	20
125.0930	30
127.0722	22
127.1084	14
127.9812	25
127.9898	13
128.6592	19
128.9006	15
130.0261	12
130.1565	50
130.9026	20
131.0604	29
131.0824	27
131.1035	12
131.9006	22
131.9480	13
132.8994	43
132.9679	12
133.0610	29
133.0976	35
135.0201	29
135.0396	14
135.0770	32
135.1138	56
136.0187	81
136.0704	53
137.0564	53
137.0923	36
137.1291	84
138.9082	15
139.0042	139
139.0348	43
139.0718	23
139.1074	42
140.4773	21
140.9774	25
140.9986	15
141.0871	29
141.4770	37
141.9781	196
141.9919	15
142.0038	29
142.4784	14
143.0329	58
143.0413	18
143.0669	67
143.0765	12
143.1032	19
145.0413	122
145.0608	16
145.1185	25
147.0217	13
147.0390	13
147.1129	13
148.0352	32
149.0002	26
149.0206	278
149.0389	30
149.0553	18
149.0926	24
149.1295	33
150.0232	26
150.9037	22
150.9830	41
151.0719	45
151.1089	44
151.1448	14
151.9045	59
152.9032	63
153.0507	33
153.0704	70
153.0873	30
153.1241	68
153.9045	92
154.0596	34
154.9040	547
155.0285	135
155.0661	42
155.1026	30
155.1390	13
156.0319	12
156.0591	24
157.0122	22
157.0310	17
157.0808	45
157.1184	16
158.1511	14
159.0607	32
159.1136	19
159.1350	49
161.0368	89
161.0577	44
161.0930	562
161.1286	13
162.0515	12
162.0963	88
163.0337	16
163.0726	24
163.1084	31
163.1452	17
164.0883	79
165.0515	104
165.0879	39
166.0353	171
166.0526	21
166.5363	25
166.9990	122
167.0316	17
167.0654	25
167.1031	39
167.1393	20
168.0035	12
168.5271	294
168.5426	112
168.8911	17
168.9194	13
169.4700	11
169.4755	14
169.4823	14
169.4901	16
169.4993	14
169.5084	12
169.5268	24
169.5322	23
169.5516	16
169.5595	16
169.5669	14
169.5831	14
169.5911	15
169.6017	20
169.6073	18
169.6131	19
169.6344	15
169.6492	19
169.6565	19
169.6712	21
169.6785	24
169.6856	25
169.7026	23
169.7106	19
169.7151	17
169.7268	18
169.7420	25
169.7491	24
169.7563	26
169.7675	29
169.7791	25
169.7827	28
169.7906	21
169.7992	22
169.8208	28
169.8342	30
169.8443	28
169.8595	23
169.8711	22
169.8918	84
169.9271	26
169.9382	22
169.9453	23
169.9522	23
169.9669	24
169.9837	23
170.0058	40
170.1133	22
170.1381	15
170.1509	17
170.1595	16
170.1668	18
170.1760	20
170.1848	19
170.1980	23
170.2068	23
170.2141	22
170.2255	26
170.2414	23
170.2546	27
170.2645	24
170.2726	26
170.2789	25
170.2868	28
170.2960	25
170.3041	26
170.3128	27
170.3248	27
170.3360	24
170.3515	26
170.3621	28
170.3727	22
170.3796	22
170.3984	27
170.4119	28
170.4216	27
170.4313	26
170.4482	26
170.4572	28
170.4732	28
170.4834	24
170.4964	28
170.5105	29
170.5199	26
170.5338	34
170.5399	28
170.5612	27
170.5758	29
170.5903	28
170.6012	30
170.6058	28
170.6119	31
170.6225	24
170.6344	29
170.6411	31
170.6553	30
170.6681	30
170.6805	27
170.7120	28
170.7330	28
170.7376	28
170.7501	29
170.7681	28
170.7796	29
170.8033	34
170.8146	30
170.8236	30
170.8317	28
170.8383	29
170.8427	27
170.8529	28
170.8661	29
170.8750	27
170.8838	28
170.8915	32
170.8983	29
170.9160	29
170.9282	28
170.9363	25
170.9428	27
170.9523	29
170.9617	30
170.9709	37
170.9792	34
170.9921	52
171.0194	42
171.0604	147
171.0964	81
171.1469	95
171.1707	33
171.1803	30
171.1916	27
171.2018	28
171.2111	29
171.2173	22
171.2317	26
171.2404	29
171.2546	26
171.2653	26
171.2721	25
171.2813	26
171.2883	25
171.2928	24
171.3022	27
171.3124	27
171.3200	28
171.3269	26
171.3341	26
171.3450	25
171.3548	24
171.3626	27
171.3724	27
171.3890	25
171.4197	24
171.4315	25
171.4391	26
171.4465	26
171.4570	29
171.4634	26
171.4693	23
171.4749	26
171.4862	25
171.4960	27
171.5004	26
171.5052	25
171.5189	25
171.5315	25
171.5433	24
171.5486	24
171.5592	24
171.5751	23
171.5861	23
171.5898	25
171.5992	23
171.6075	26
171.6169	22
171.6243	25
171.6323	26
171.6376	26
171.6425	24
171.6583	26
171.6798	24
171.6954	23
171.7062	25
171.7185	23
171.7293	25
171.7484	23
171.7554	22
171.7624	25
171.7717	23
171.7793	26
171.7848	24
171.7927	20
171.7998	21
171.8119	23
171.8198	23
171.8280	23
171.8327	25
171.8402	23
171.8478	23
171.8626	22
171.8801	24
171.8960	22
171.9068	23
171.9188	22
171.9298	22
171.9387	22
171.9478	22
171.9573	21
171.9787	27
171.9910	24
172.0000	24
172.0079	23
172.0149	23
172.0230	23
172.0332	25
172.0753	32
172.0969	30
172.1162	24
172.1314	24
172.1397	25
172.1471	30
172.1672	35
172.1886	20
172.2025	18
172.2236	21
172.2312	16
172.2396	20
172.2492	20
172.2653	22
172.2766	19
172.2868	20
172.2938	18
172.3004	22
172.3184	20
172.3335	21
172.3404	18
172.3465	16
172.3515	18
172.3561	19
172.3637	16
172.3711	21
172.3811	17
172.3890	17
172.3963	16
172.4025	17
172.4092	18
172.4202	17
172.4284	18
172.4351	17
172.4452	17
172.4548	17
172.4683	18
172.4726	18
172.4842	18
172.4927	15
172.4997	18
172.5038	20
172.5089	17
172.5207	15
172.5335	18
172.5470	20
172.5513	17
172.5646	16
172.5777	17
172.5914	19
172.6028	17
172.6069	16
172.6140	18
172.6186	14
172.6251	18
172.6376	17
172.6513	16
172.6574	17
172.6786	21
172.6858	14
172.6928	15
172.7013	15
172.7082	18
172.7137	17
172.7284	15
172.7395	17
172.7432	16
172.7579	14
172.7756	13
172.7846	17
172.7930	17
172.7989	15
172.8084	17
172.8152	18
172.8245	16
172.8321	16
172.8462	15
172.8590	18
172.8724	17
172.8779	16
172.8985	14
172.9139	15
172.9260	14
172.9356	15
172.9479	15
172.9576	13
172.9668	15
172.9870	40
173.0026	22
173.0343	19
173.0405	22
173.0452	24
173.0503	20
173.0663	29
173.0763	74
173.0911	28
173.1127	20
173.1218	17
173.1279	28
173.1506	50
173.1883	16
173.1920	14
173.1990	14
173.2113	14
173.2271	14
173.2407	14
173.2530	15
173.2595	12
173.2676	12
173.2805	11
173.2899	14
173.2973	14
173.3141	12
173.3391	13
173.3472	15
173.3602	17
173.3680	11
173.3780	12
173.3824	14
173.4047	12
173.4159	12
173.4384	12
173.4447	11
173.4599	12
173.4656	13
173.4946	12
173.5315	11
173.5932	13
173.6321	12
173.6395	12
173.6618	12
173.7616	11
173.8005	12
173.8060	12
173.8486	12
173.9947	17
174.0023	15
174.0134	14
174.0266	13
174.0508	13
174.0677	12
174.0791	16
174.1164	11
174.1256	12
174.1320	12
174.1543	13
174.9891	65
175.0123	15
175.0189	15
175.0522	111
175.0707	24
175.1073	52
175.1445	26
176.0643	27
176.9856	23
177.0096	44
177.0492	35
177.0590	12
177.0868	17
177.1225	30
177.1599	35
178.0471	24
178.8978	27
179.0490	11
179.0664	96
179.1024	60
179.1399	14
179.8993	74
180.0700	16
180.8982	100
180.9196	16
181.0445	14
181.0612	12
181.0812	53
181.1195	63
181.1552	24
181.8996	119
182.8992	884
183.0601	254
183.0976	49
183.1096	14
183.1342	21
183.1710	19
183.9007	12
184.0242	16
184.0634	30
184.4421	12
185.0100	2279
185.0555	15
185.0632	16
185.0754	20
185.0906	12
185.0949	12
185.1117	71
185.1497	24
185.9956	23
186.0122	129
186.1145	12
186.1835	11
187.0149	54
187.0419	38
187.0536	41
187.0659	13
187.0710	12
187.0920	25
187.1238	13
187.1451	25
187.1657	29
188.0005	23
188.0087	31
188.0467	16
189.0026	60
189.0308	454
189.0656	16
189.0853	12
189.1240	60
189.1613	23
190.0061	42
190.0338	43
190.4401	48
191.0646	25
191.1017	34
191.1764	18
192.0042	32
192.0616	27
192.1058	13
193.0005	12
193.0456	22
193.0611	12
193.0813	40
193.1264	75
193.1548	79
193.1910	12
194.1122	15
194.1182	17
194.1278	12
194.1476	12
194.1593	15
195.0595	63
195.0954	81
195.1192	33
195.1330	50
195.1709	36
196.0964	13
196.9160	33
197.0561	14
197.0752	54
197.1114	37
197.1212	14
197.1497	26
198.0703	13
198.1238	28
198.1829	12
198.9905	13
199.0303	23
199.0524	30
199.0923	48
199.1281	22
199.1425	13
199.1661	52
200.0856	12
200.1982	60
200.2338	17
200.9808	65
201.0131	33
201.0561	29
201.0700	21
201.0842	17
201.1069	26
201.1221	13
201.1450	37
201.1590	19
201.1809	87
202.1826	13
203.0195	242
203.0459	235
203.1034	295
203.1388	31
203.1762	20
204.0048	40
204.0216	21
204.0506	23
204.0618	18
204.1076	55
204.5008	13
205.0010	20
205.0563	76
205.0816	82
205.1183	17
205.1549	29
205.1913	49
205.5006	29
206.0009	145
206.0575	12
206.0848	16
206.0888	14
206.5024	20
206.9997	448
207.0403	181
207.0951	51
207.1334	24
207.1706	87
208.0013	43
208.0437	15
208.1712	15
208.1765	16
208.9985	42
209.0371	52
209.0580	13
209.0746	51
209.0912	17
209.1120	63
209.1497	56
209.1859	29
210.1082	19
210.1158	14
211.0564	20
211.0706	18
211.0913	74
211.1266	52
211.1660	27
211.2013	18
212.0586	20
212.1596	15
212.1644	13
213.0325	18
213.0715	111
213.1057	57
213.1430	168
213.1804	21
213.2170	14
213.5059	59
213.9887	22
214.0071	84
214.0429	33
214.0855	30
214.1456	22
214.2485	19
214.5065	99
215.0067	662
215.0437	45
215.0645	28
215.0789	45
215.1219	120
215.1550	12
215.1591	12
215.1967	39
215.5082	76
216.0117	25
216.0189	16
216.1263	13
217.0000	16
217.0254	683
217.0603	48
217.0789	21
217.1019	202
217.1545	67
217.1898	30
217.9841	45
218.0284	65
218.1067	28
218.1582	17
218.9903	25
219.0281	17
219.0592	12
219.0974	14
219.1091	12
219.1137	13
219.1319	33
219.1705	107
219.2068	25
220.1769	85
221.0325	21
221.0569	307
221.0911	21
221.1143	192
221.1499	83
221.1738	14
221.1830	30
222.0600	34
222.1157	36
222.1442	13
222.1564	13
223.0606	161
223.0912	60
223.1083	18
223.1267	49
223.1433	13
223.1648	45
223.2014	20
224.0104	29
224.0588	49
224.1253	14
225.0398	11
225.0568	28
225.0683	32
225.0873	34
225.1074	51
225.1245	12
225.1426	43
225.1595	14
225.1801	100
225.2171	17
226.0347	14
226.0940	17
226.1192	16
226.1779	47
227.0479	12
227.0858	50
227.1103	15
227.1218	54
227.1594	51
227.1783	21
227.1831	15
227.1967	45
227.2336	19
228.1932	16
228.2283	41
228.9807	25
229.0115	13
229.0192	15
229.0234	16
229.0294	13
229.0627	15
229.0681	13
229.1030	33
229.1151	40
229.1377	44
229.1772	20
229.1924	15
229.2126	144
229.2317	20
230.0020	12
230.0578	130
230.2156	21
230.2429	21
230.5588	34
230.9528	16
230.9571	18
231.0146	81
231.0410	181
231.0795	20
231.0957	13
231.1164	21
231.1305	13
231.1549	14
231.1598	14
231.1662	11
231.2089	13
231.9547	16
231.9989	169
232.0446	28
232.0488	26
232.0539	22
232.9515	132
233.0059	37
233.0376	32
233.0533	39
233.0584	38
233.0703	17
233.0760	12
233.1132	14
233.1260	14
233.1483	18
233.1867	17
235.0032	18
235.0357	81
235.0715	40
235.0898	23
235.1281	28
235.1399	13
235.1652	135
235.2028	258
236.1670	27
236.2059	58
236.9447	24
236.9943	27
237.0710	17
237.1056	44
237.1422	46
237.1612	14
237.1657	18
237.1804	37
237.2175	50
238.0682	67
238.1396	23
239.0638	491
239.0831	143
239.1225	87
239.1585	118
239.1958	26
239.2343	26
239.5653	104
240.0634	39
240.0853	16
240.0913	17
240.1173	43
240.1586	20
241.0129	20
241.0626	38
241.1017	47
241.1374	198
241.1759	70
241.1984	13
241.2129	35
241.2480	15
241.9851	18
242.0070	49
242.1403	35
243.0557	18
243.0796	30
243.0929	12
243.1033	13
243.1161	38
243.1297	24
243.1420	14
243.1571	13
243.2271	87
244.0086	19
244.1877	16
244.2321	15
244.2590	23
245.0293	21
245.0727	47
245.0939	27
245.1113	16
245.1322	29
245.1470	13
245.1708	28
245.1860	13
245.9782	27
246.9869	50
247.0468	52
247.0899	74
247.1275	14
247.1642	15
247.2012	23
247.2219	12
248.0905	15
249.0519	149
249.0744	20
249.0871	36
249.1059	21
249.1420	53
249.1576	14
249.1795	62
250.0088	18
250.0539	22
250.1782	15
250.1831	16
250.9970	128
251.0440	22
251.0646	19
251.0759	19
251.0842	28
251.1214	49
251.1590	43
251.1812	41
251.1935	37
251.9987	12
252.0824	22
252.1556	53
252.9937	104
253.0329	14
253.1008	39
253.1385	67
253.1527	23
253.1746	41
253.1940	13
253.2116	51
253.2499	13
254.0303	23
254.1351	16
254.9909	16
255.0306	64
255.0794	18
255.1160	37
255.1265	21
255.1536	89
255.1669	24
255.1921	20
255.2060	15
255.2283	68
255.2647	31
256.0320	13
256.1567	15
256.2302	15
256.2607	100
257.0750	36
257.0948	28
257.1451	40
257.1708	20
257.1850	36
257.2077	49
257.2442	451
258.1362	12
258.1431	12
258.2476	99
259.0450	40
259.0733	32
259.1098	19
259.1494	35
259.1594	37
259.1660	34
259.1868	113
259.2013	84
259.2480	12
259.9943	14
260.0311	16
260.1891	24
260.2048	15
261.0282	47
261.0618	32
261.0819	40
261.1053	27
261.1262	55
261.1752	12
261.1805	13
262.0367	21
262.5357	15
263.0344	133
263.0668	102
263.0913	19
263.1214	87
263.1583	18
263.1943	22
263.2313	17
263.5379	31
264.0258	18
264.0357	13
264.0607	13
264.0666	16
264.1237	14
265.0633	14
265.0998	25
265.1091	13
265.1362	31
265.1745	61
265.2113	23
265.2481	31
266.1686	62
267.0069	38
267.1160	38
267.1535	78
267.1887	40
267.2021	18
267.2273	30
267.2649	20
268.1120	145
268.1526	18
268.9349	33
269.0969	44
269.1143	33
269.1322	42
269.1694	106
269.2056	59
269.2428	38
269.2798	24
270.1732	17
270.2068	12
270.2754	23
271.0726	39
271.0912	39
271.1104	41
271.1473	40
271.1725	14
271.1836	25
271.2192	16
271.2256	17
271.2595	269
272.2586	75
273.0558	18
273.0940	26
273.1207	13
273.1273	18
273.1648	83
273.2548	20
274.0110	18
274.1602	14
274.1690	14
274.9277	111
275.0174	20
275.0386	22
275.0728	12
275.0822	12
275.1061	22
275.1201	19
275.1411	12
275.1587	37
275.1958	13
275.2181	28
275.2325	16
275.2543	22
275.9266	23
276.9240	17
277.0561	565
277.1762	1783
278.0582	67
278.0730	17
278.1793	309
278.2406	21
278.5295	12
278.9504	67
279.0296	67
279.0630	49
279.0899	229
279.1546	251
279.1808	85
279.2111	14
279.2260	31
279.5297	15
279.9517	158
280.0925	59
280.1581	57
280.1832	19
280.2596	26
280.9497	198
281.0266	38
281.0483	86
281.0679	20
281.0748	17
281.0835	16
281.0955	23
281.1316	31
281.1693	85
281.2039	28
281.2426	48
281.9515	284
282.0474	24
282.0788	20
282.1279	57
282.1636	17
282.1694	18
282.2166	32
282.2439	15
282.2744	114
282.9119	12
282.9513	2019
283.0455	12
283.0678	13
283.1127	23
283.1256	14
283.1490	27
283.1586	13
283.1843	31
283.2222	30
283.2598	77
283.2779	33
283.2947	21
283.9542	148
284.0762	24
284.1454	14
284.2604	21
284.2913	73
284.9551	27
285.0772	12
285.0943	16
285.1090	24
285.1264	42
285.1412	19
285.1644	35
285.1745	22
285.2031	18
285.2384	27
285.2748	199
286.0335	63
286.1024	14
286.2770	42
286.5342	156
287.0344	208
287.1047	15
287.1217	13
287.1435	39
287.1912	13
287.2308	12
287.5340	291
288.0344	1817
288.1010	15
288.5350	340
288.9446	42
288.9947	18
289.0370	92
289.0630	16
289.0817	15
289.1252	15
289.1387	19
289.1545	18
289.1751	18
289.9658	12
291.0714	22
291.0989	12
291.1248	21
291.1548	23
291.1906	27
291.2062	13
291.2256	23
291.2485	12
291.2629	15
292.0197	42
293.0279	116
293.0727	13
293.0793	12
293.1704	40
293.2050	56
293.2314	17
293.2405	27
294.0308	15
294.2014	23
294.2084	19
294.2378	41
295.0264	18
295.0347	14
295.0932	15
295.1085	23
295.1461	32
295.1848	38
295.2008	20
295.2195	39
295.2356	18
295.2426	13
295.2571	16
296.2134	13
296.2226	12
296.2532	13
297.0786	102
297.1267	26
297.1626	39
297.1999	207
297.2358	53
297.2731	23
298.0783	35
298.0942	12
298.2042	42
298.2402	14
298.2687	12
298.2736	12
299.0365	14
299.0429	13
299.0677	54
299.1583	458
299.2056	17
299.2178	16
299.2539	26
299.2903	77
300.1439	27
300.1602	86
300.2097	12
300.2901	22
300.9605	20
301.0744	85
301.0863	89
301.1056	74
301.1371	1566
301.1885	16
301.2072	14
302.0054	17
302.0749	21
302.0850	18
302.0908	19
302.1408	268
303.0627	110
303.0997	12
303.1094	13
303.1392	59
303.2170	12
303.2268	16
303.2464	14
303.2514	14
304.0636	21
304.2566	60
304.2832	13
304.9339	12
305.0936	13
305.1099	36
305.1297	22
305.1519	27
305.1632	19
305.2035	15
305.2082	15
305.2421	36
307.1110	11
307.1478	23
307.1828	21
307.1887	20
307.2205	30
307.2305	15
307.2568	26
309.0730	21
309.0919	12
309.1253	22
309.1628	28
309.1988	51
309.2209	31
309.2325	27
309.2742	13
310.1986	15
310.2038	15
310.3067	37
310.9772	15
311.1045	12
311.1100	13
311.1427	34
311.1773	70
311.2149	30
311.2530	28
311.2913	33
311.3059	16
311.3259	12
312.1803	20
312.3207	31
313.0550	104
313.0877	13
313.1381	80
313.1561	41
313.1941	23
313.2308	33
313.2693	56
313.3055	24
314.0588	19
314.1299	64
314.2731	14
315.1613	21
316.1851	21
316.2061	12
316.2201	16
316.2276	11
317.0776	3304
317.1676	1622
318.0806	368
318.1717	381
318.2361	26
318.9178	12
319.0455	16
319.1003	50
319.1323	23
319.1452	35
319.1753	70
319.2200	38
319.2433	15
319.2613	21
319.2738	12
319.2816	11
319.2937	14
320.0948	13
320.1074	13
320.1777	16
320.2259	12
320.2514	47
321.0452	13
321.0727	49
321.1080	33
321.1474	12
321.1636	25
321.2003	20
321.2350	70
321.2552	22
321.2713	30
322.2371	16
323.0669	70
323.0965	13
323.1022	14
323.1455	28
323.1778	29
323.1950	16
323.2135	30
323.2202	28
323.2320	14
323.2523	36
324.0716	36
324.9996	15
325.1181	19
325.1366	20
325.1585	30
325.1928	55
325.2313	69
325.2531	13
325.2658	27
325.2734	21
325.2835	13
325.3052	14
325.3418	14
326.1902	18
326.2325	16
326.3741	255
327.0035	322
327.0732	61
327.0989	13
327.1058	11
327.1523	84
327.2083	22
327.2264	12
327.2465	22
327.2839	37
327.3214	13
327.3765	57
328.0059	46
328.0753	22
328.1579	16
329.0009	332
329.0818	13
329.0906	12
329.1174	36
329.1524	50
329.1725	19
329.1866	21
329.1929	20
329.2285	14
330.0041	43
330.0420	39
330.0636	15
330.1197	12
330.1562	12
330.9995	83
331.0658	7150
331.1397	15
331.1460	13
331.1780	12
331.1984	13
331.2061	13
331.2813	26
332.0118	24
332.0693	692
332.2870	29
332.9897	16
332.9967	17
333.0029	15
333.0206	30
333.0693	141
333.1162	28
333.1432	114
333.1610	114
333.1973	16
333.2342	18
333.2730	18
333.2895	14
334.0566	25
334.0703	33
334.0848	19
334.1053	15
334.1460	27
334.1663	26
334.2313	13
334.8938	55
335.0267	12
335.0869	1384
335.1767	20
335.1914	20
335.2155	21
335.2503	32
335.2862	20
335.8915	11
336.0447	48
336.0907	176
336.2487	18
336.3210	19
337.1332	29
337.1460	15
337.1548	16
337.2288	16
337.2672	15
337.9871	13
337.9923	13
338.2671	15
338.3370	41
338.5462	13
339.0571	67
339.1265	24
339.1412	32
339.1778	48
339.2073	47
339.2473	43
339.2690	12
339.2817	21
339.3212	16
339.3417	13
339.3579	20
340.0613	13
340.1444	11
340.1734	14
340.1874	15
340.2050	15
340.2135	14
340.9758	15
341.0897	59
341.1166	36
341.1533	34
341.1662	34
341.1725	30
341.1886	32
341.2261	20
341.2334	16
341.2632	30
341.2997	36
341.3370	16
342.0363	37
342.0733	15
342.0913	18
343.0952	20
343.1077	13
343.1157	14
343.1390	38
343.1669	28
343.2010	18
343.2077	18
343.2797	53
343.3127	15
344.0347	43
344.2836	13
344.9803	15
344.9889	16
345.0458	95
345.0729	19
345.1501	12
346.0302	599
347.0373	926
347.1208	21
347.1401	19
347.1486	15
347.1579	16
347.1709	14
348.0099	310
348.0393	166
348.2839	20
348.9088	15
348.9857	193
349.0187	100
349.0396	156
349.1027	1910
349.1718	15
349.1887	12
349.1948	13
349.2289	13
349.2341	12
349.2673	29
349.9891	26
350.0402	37
350.1057	247
350.9817	191
351.0338	68
351.1081	67
351.1349	21
351.1524	12
351.1707	21
351.1875	26
351.2116	37
351.2287	23
351.2443	32
351.2805	12
351.2866	13
351.9859	29
352.0226	12
352.0372	16
352.0462	12
352.1104	23
352.2340	57
352.3193	11
352.9054	29
352.9793	76
353.0069	14
353.0536	216
353.0962	98
353.1393	13
353.1524	22
353.1894	23
353.2256	43
353.2350	39
353.2607	139
353.2936	24
353.3003	24
353.3055	19
354.0317	49
354.0548	48
354.0775	27
354.0872	27
354.0983	20
354.2648	36
354.3304	16
355.0647	201
355.1004	27
355.1322	18
355.1472	20
355.1592	19
355.1706	21
355.2060	32
355.2297	12
355.2431	17
355.2763	42
355.3162	32
355.3276	18
356.0344	29
356.0652	77
357.0315	33
357.0653	61
357.1271	14
357.1441	29
357.1841	19
357.2049	12
357.2195	19
357.2572	12
357.2625	14
357.2950	55
357.9533	16
358.0413	58
358.2967	13
359.1158	26
359.1268	14
359.1335	13
359.3065	14
360.3192	28
360.5627	20
361.0421	125
361.0626	164
361.1027	17
361.1137	14
361.1748	35
361.1908	22
361.5634	30
362.0450	24
362.0777	28
363.0454	289
363.1036	26
363.1159	21
363.1327	17
363.1603	13
363.1727	13
363.2456	23
363.2827	20
364.0447	73
364.0761	16
365.0469	18
365.1005	43
365.1300	14
365.1459	14
365.1536	13
365.1894	16
365.2623	107
365.2985	20
366.2630	31
367.0293	24
367.0494	12
367.0636	31
367.1132	167
367.1697	26
367.1827	15
367.2054	34
367.2257	18
367.2398	35
367.2748	41
367.3119	15
367.3248	22
367.3313	24
368.0129	12
368.0652	27
368.1159	37
368.2392	12
368.2829	11
369.0195	88
369.0606	169
369.1090	14
369.1187	18
369.1446	16
369.1855	22
369.2208	29
369.2386	16
369.2521	16
369.2575	17
369.2953	24
369.3223	15
369.3368	24
369.3672	12
369.9891	16
369.9972	12
370.0221	16
370.0296	11
370.0440	26
370.0636	49
370.1542	12
370.1701	11
371.0421	125
371.0964	1099
371.1590	26
371.1812	15
371.1979	14
371.2354	27
371.2516	15
371.3105	1264
372.0432	37
372.0964	354
372.3139	300
373.0379	32
373.0940	253
373.1410	13
373.2152	11
373.2999	15
373.3170	56
373.3473	13
374.0639	16
374.0935	71
374.2972	14
374.9982	46
375.0375	224
375.0908	32
375.1110	13
375.1257	14
375.1552	12
375.1710	13
376.0403	40
376.3120	38
377.0125	51
377.0344	55
377.0701	15
377.0860	14
377.0942	17
377.1032	22
377.1349	56
377.1842	14
377.1947	11
377.2613	13
377.2973	24
377.3154	22
378.0121	41
378.0560	131
378.1366	13
378.1430	11
379.0082	232
379.0575	34
379.0847	14
379.1121	109
379.2053	14
379.2408	20
379.2762	79
379.3086	16
379.3150	16
380.0126	42
380.0321	31
380.0477	17
380.0942	20
380.1168	21
380.2787	21
381.0462	615
381.1264	101
381.1846	24
381.2166	17
381.2312	14
381.2402	14
381.2546	17
381.2926	92
382.0212	13
382.0490	83
382.0734	17
382.0948	12
382.1308	21
382.2940	29
383.0502	29
383.1632	20
383.2007	17
383.2355	26
383.2720	16
383.3106	49
384.1888	11
384.3144	17
385.0619	14
385.0735	14
385.1427	15
385.1589	16
385.1792	22
385.2168	26
385.2307	14
385.2499	16
385.2777	12
385.2887	19
385.2970	13
385.3392	60
386.3369	14
386.3454	18
387.1943	25
387.5157	16
388.3341	19
389.1044	14
389.1711	13
389.1785	11
389.9941	15
389.9998	16
390.0054	14
391.0081	13
391.0405	14
391.0890	13
391.0969	12
391.1293	12
391.2039	82
391.2792	258
391.9984	152
392.0713	13
392.2078	21
392.2819	73
392.3057	22
393.0034	39
393.0186	26
393.0284	20
393.0777	118
393.1277	35
393.1815	15
393.2101	12
393.2920	565
394.0792	47
394.2962	159
395.0381	15
395.0722	50
395.1080	25
395.1351	12
395.1995	17
395.2355	14
395.2474	12
395.2697	37
395.3045	62
396.0747	13
396.2734	11
396.3090	12
397.0192	86
397.1789	22
397.2320	12
397.2376	14
397.2488	20
397.2663	15
397.2879	21
397.3049	12
397.3110	11
397.3269	13
398.0161	13
398.0217	14
399.1543	12
399.1611	15
399.1766	14
399.1955	18
399.2073	15
399.2244	13
399.2334	13
399.2655	21
399.2721	19
399.3046	24
399.3415	91
400.1565	13
400.1621	11
400.3458	31
400.3714	38
401.0876	20
401.2105	11
401.3146	12
401.3355	54
401.3737	15
402.3407	18
403.0257	70
403.1593	17
403.2257	17
403.3516	13
405.1149	11
405.1825	12
405.3287	11
406.0799	13
406.0885	15
407.0713	226
407.1350	83
407.1746	17
407.1989	57
407.2716	20
407.2891	19
407.3065	50
407.3368	12
407.3429	12
408.0694	71
408.1050	13
408.1142	11
408.1332	25
408.2028	19
408.3063	22
409.1238	457
409.1769	44
409.2014	12
409.2105	15
409.2654	35
409.3224	46
410.1270	79
410.3237	13
411.0843	13
411.1287	25
411.2691	24
411.2860	13
411.3015	22
411.3400	11
412.8702	48
412.9871	13
413.2605	236
413.3550	17
413.8714	12
413.9819	18
414.2623	71
414.9913	60
415.0193	22
415.0491	82
415.2684	17
416.0512	12
416.1425	94
417.1472	23
417.1878	13
417.1956	14
417.2041	13
417.3287	13
419.3097	86
420.3136	30
421.1322	14
421.2854	15
421.3231	68
422.0839	13
422.3244	21
423.0622	22
423.1120	939
423.1914	13
423.2312	11
423.2677	16
423.3055	24
423.3205	23
423.3366	30
424.0577	12
424.1138	164
425.0064	100
425.0541	20
425.1147	48
425.1733	11
425.2097	30
425.2457	14
425.2814	34
425.3201	33
425.3528	19
425.3586	17
426.0072	272
426.1158	13
426.2770	12
426.2864	12
426.8862	13
427.0065	357
427.1060	32
427.1473	11
427.2229	16
427.2344	14
427.2572	16
427.2664	13
427.2746	13
427.2986	25
427.3804	24
427.6729	16
427.6818	18
428.0079	500
428.8847	58
429.0079	3812
429.1004	14
429.1287	11
429.2326	14
430.0105	374
430.0809	16
430.1335	52
430.1569	28
430.8825	120
431.0116	73
431.0554	11
431.0743	17
431.0848	19
431.1046	43
431.1302	19
431.1443	17
431.1514	13
431.1866	12
431.8876	14
432.8796	96
433.1234	14
433.1602	11
433.3249	24
433.8836	14
434.8773	46
435.0397	16
435.0485	26
435.1018	31
435.1744	16
435.1862	14
435.3031	18
435.3394	28
436.0241	21
436.0816	33
436.0988	17
437.0276	16
437.0880	30
437.1150	23
437.1241	26
437.2773	17
437.2844	20
437.2979	13
437.3160	20
437.3526	17
438.0770	384
439.0837	278
439.3010	21
439.3323	19
440.0850	61
441.0850	37
441.2470	16
441.2919	111
441.3479	15
442.0869	12
442.2949	34
442.3188	16
443.0799	11
443.1861	12
443.1964	17
443.2112	12
443.2260	13
443.2542	17
443.2993	12
443.3205	14
443.3265	21
444.0034	12
444.1482	15
445.1136	119
445.1438	18
445.2119	44
446.1148	64
447.0808	18
447.1181	55
447.1927	69
447.2200	12
447.3403	62
447.9900	15
448.1058	17
448.1262	14
448.1351	14
448.1971	16
448.3412	24
448.9905	18
449.1179	589
449.1981	12
449.3158	14
449.3248	15
449.3538	23
449.9872	27
450.1208	116
450.1616	12
450.9884	129
451.1229	29
451.1696	16
451.2967	25
451.3337	17
451.9929	24
452.8632	21
453.0629	12
453.2761	20
453.2845	17
453.3126	20
453.3493	18
454.8623	17
455.0194	52
455.2568	13
455.2871	26
455.2995	25
455.3266	20
456.0172	12
457.0266	45
457.2627	14
457.3221	26
457.3451	12
458.0074	11
458.9937	12
459.0057	19
460.0557	17
461.1444	487
461.2050	12
461.3553	11
461.6978	106
462.1465	161
462.6977	32
463.1343	42577
464.0631	12
464.0738	19
464.1380	5757
464.2211	37
465.0309	12
465.0393	17
465.0539	17
465.0646	17
465.1971	27
465.2316	24
465.2660	18
465.2755	14
465.3124	40
465.3452	25
465.3876	14
465.4845	12
465.4936	12
465.7300	13
465.9058	13
465.9179	12
465.9753	12
465.9846	13
465.9906	12
466.0258	12
466.0449	13
466.0755	11
466.0980	15
466.1968	17
466.2175	12
466.2288	13
466.2426	12
466.2756	12
466.2875	12
466.3120	22
466.3258	15
466.3387	14
466.3534	15
466.3711	11
466.3787	13
466.4272	12
466.9595	13
466.9674	14
466.9770	13
466.9913	13
467.0551	11
467.0960	43
467.1811	19
467.1992	14
467.2138	14
467.2299	13
467.2374	13
467.2474	14
467.2586	18
467.2768	21
467.2892	37
467.3253	26
467.3399	19
467.3686	19
468.0979	19
468.1128	13
468.1423	14
468.2881	15
468.3000	13
468.3259	11
469.0645	12
469.0886	19
469.1029	18
469.1139	23
469.1254	25
469.1736	45
469.2154	11
469.2371	13
469.2549	12
469.2725	15
469.3204	58
469.3401	34
470.1698	13
470.1781	13
470.3163	17
470.3263	20
470.3445	12
471.0564	27
471.0987	42
471.2149	12
471.2281	15
471.2371	14
471.2542	14
471.2763	12
471.3355	12
472.1046	11
472.8336	19
472.8451	14
472.9757	22
473.0290	90
473.0619	14
473.3198	11
474.0313	23
474.9756	14
475.0268	16
475.1700	12
475.1869	14
475.2121	11
475.6427	55
475.6887	11
476.0781	12
476.6361	15
476.6543	12
477.1232	17844
477.1800	17
478.1256	2257
479.0126	15
479.0803	61
479.1263	461
479.1864	47
479.2083	35
479.2176	34
479.2437	12
479.2988	15
479.3256	24
479.3621	23
480.0773	16
480.1278	91
480.1938	16
480.2110	13
480.2232	13
481.1146	208
481.1803	12
481.1938	13
481.2240	12
481.2762	16
481.3046	61
481.3416	26
481.3611	18
481.3688	16
481.3780	13
482.1172	61
482.3103	17
482.9259	14
483.1387	822
483.2874	12
483.3226	34
483.3630	17
484.0374	11
484.0436	15
484.1422	157
484.3176	12
485.1150	1270
485.2056	51
486.1175	225
486.2104	17
487.0869	13
487.2071	16
487.2207	17
488.1147	12
488.1302	14
489.0862	11
489.1080	13
489.1142	15
489.1334	33
489.1467	38
489.1636	23
489.1818	21
489.1935	15
490.0911	227
490.5599	26
490.5785	15
490.5915	13
490.8486	13
491.0412	142
491.0971	128
491.1698	11
491.5594	12
492.0869	5645
493.0921	2469
493.1722	13
493.3443	22
494.0946	427
495.0433	28
495.0954	336
495.1573	62
495.1919	12
495.3229	37
495.3513	19
495.3575	15
496.0969	80
496.1637	16
496.3266	17
496.5770	13
497.0403	22
497.0889	122
497.2770	17
497.3189	26
497.3372	51
497.3597	20
497.3734	13
498.0925	40
498.3402	17
499.1028	859
500.1054	168
501.0848	156
501.3371	15
502.0891	40
503.0886	56
503.1359	22
503.1670	16
503.1978	25
504.0910	30
505.0302	12
505.1194	632
505.1786	13
506.1233	127
507.0971	677
507.3531	13
508.1001	127
509.1013	167
509.3368	48
510.1044	43
510.3330	12
510.3431	13
511.0522	14
511.1095	13
511.3186	14
511.3264	15
511.3525	48
512.0724	26
512.3557	14
513.0181	18
513.0745	20
513.0827	20
513.1226	21
514.0226	11
514.0681	266
514.1189	22
515.0726	195
515.1154	117
516.0741	52
516.1100	43
517.0960	168
517.2131	23
518.0997	63
519.0904	85
519.1309	48
519.9929	19
520.0541	11
520.0656	15
520.0737	14
520.0937	20
520.1327	21
521.0855	239
521.1369	22
522.0579	13
522.0891	57
523.0697	122
523.0861	108
523.3143	21
523.3547	38
524.0694	69
524.1122	20
524.3553	13
525.0645	376
525.3342	14
525.3684	35
526.0672	86
526.9770	32
527.1013	252
528.1047	67
529.0784	120
530.0334	51
530.0786	30
531.0401	45
531.0825	51
531.1141	21
531.2283	19
531.2436	16
532.0435	12
532.9966	66
534.0000	25
534.0319	13
534.0511	28
534.9999	26
535.0627	31
535.0740	25
535.2245	29
536.0502	138
536.2220	16
537.0569	103
537.3360	11
537.3697	16
537.3802	11
538.0557	111
539.0593	51
539.3502	29
539.3805	25
540.0647	13
541.0510	14
541.0576	12
541.0968	14
541.1058	20
542.8958	14
543.0682	67
544.0672	16
544.0763	16
545.0510	43
546.0515	18
547.0087	16
547.0464	57
548.0509	19
549.0205	16
549.0820	151
549.2123	22
549.2319	13
550.0859	41
551.0051	51
551.0599	31
551.1009	29
551.3806	12
552.0146	35
552.0600	15
552.0682	17
553.0023	14
553.0174	15
553.0646	30
553.0892	13
553.1005	13
553.3611	11
553.3718	14
553.3821	13
553.3896	12
553.3995	13
555.1978	15
558.0339	38
559.0384	35
559.3176	21
560.0357	87
561.0469	89
561.0959	14
561.1089	13
561.3152	15
561.3300	24
562.0530	26
562.2004	14
563.0583	16
565.0496	50
566.0545	12
567.0316	15
567.0484	18
569.0249	25
569.1672	68
569.3720	19
570.0569	14
570.0654	15
570.1696	20
571.0630	149
572.0635	252
573.0633	332
573.2808	21
574.0650	467
575.0639	3936
576.0052	38
576.0665	530
576.1885	18
577.0092	15
577.0685	117
577.1279	33
577.1616	14
578.0729	26
580.0211	17
581.0204	22
581.2945	14
581.3069	14
581.3540	12
581.3625	13
581.3693	11
582.0187	48
583.0163	32
587.0348	17
587.3529	15
587.3810	13
591.0657	16
591.0745	18
591.2864	27
593.0471	51
593.1282	12
593.1379	12
593.1472	15
593.2458	124
593.3556	13
594.0470	47
594.2496	39
595.0449	55
595.2275	26
595.2521	16
595.2635	12
595.3361	14
595.3442	13
595.3560	14
595.3729	17
596.0446	68
597.0453	314
597.3519	14
597.3607	13
597.9731	15
598.0025	13
598.0466	75
599.0232	74
600.0246	17
603.0836	27
603.9993	17
605.0109	12
605.2732	17
607.0487	13
607.2003	34
607.2313	12
607.2511	18
607.2580	17
608.2006	14
609.1648	44
609.2031	18
609.2177	16
609.2720	97
609.3360	24
609.3881	15
610.2746	46
610.9788	18
611.2197	12
611.2585	77
611.3678	21
612.0114	14
612.0184	13
612.2586	28
613.0096	61
613.2673	12
613.3809	12
613.3897	12
614.0170	17
615.2294	13
616.0266	14
617.0280	20
618.0266	25
619.0265	103
620.0320	36
621.0002	33
621.0072	32
621.0300	26
622.0197	11
622.1970	41
623.1786	1507
623.3672	11
624.1822	319
625.1831	96
625.2459	112
625.3829	25
625.9779	11
626.0348	14
626.1834	25
626.1966	20
626.2471	49
626.9770	15
626.9852	14
627.0262	12
627.0362	14
627.0578	12
627.1739	37
627.1985	12
627.2497	26
627.3960	18
627.9774	39
628.9546	12
628.9824	57
629.2479	26
629.9840	19
630.9764	13
630.9847	13
631.1560	18
631.1646	15
633.1443	11
637.1407	24
637.1494	21
637.3805	15
638.1469	12
639.1509	46
639.3990	22
640.1571	14
640.2106	14
641.0086	47
641.1503	12
641.2190	26
641.2589	12
641.4092	14
641.4204	12
642.0142	12
642.9936	18
643.0139	12
643.0666	13
643.2381	21
643.2674	28
644.9861	13
645.1604	143
646.1630	52
647.0431	12
647.1342	94
647.3557	13
648.1397	29
651.1583	207
652.1642	64
653.1536	98
653.4135	14
654.1572	29
655.1292	29
655.4284	12
657.2565	17
657.2816	16
661.0568	17
661.1204	40
662.1015	68
662.9918	20
663.0467	12
663.1071	66
664.1079	22
665.1110	12
667.1410	235
667.4262	13
668.1441	73
669.0373	11
669.0661	14
669.1204	83
670.1212	34
671.1205	92
672.0951	12
672.1234	32
673.0366	23
673.1556	86
673.9417	32
674.1162	13
674.1576	30
675.0513	13
675.1349	293
676.0901	81
676.1371	86
677.0662	13
677.0996	45
677.1204	37
677.1394	32
678.0961	18
678.1126	23
679.1029	12
679.1175	11
680.1111	156
681.0914	25
681.1155	59
682.1063	86
683.0571	11
683.1097	83
684.0868	23
684.1122	29
685.0922	27
685.1083	28
687.1005	17
687.1110	17
687.3812	16
688.9537	14
689.0705	14
689.1232	157
690.0704	13
690.1260	52
691.0093	12
691.0214	12
691.1005	67
692.0630	26
692.1085	27
693.1042	57
694.1111	19
695.0821	16
695.1402	105
696.1400	35
697.1186	188
698.0644	29
698.0780	33
698.1201	65
699.0519	14
699.0874	42
700.0741	19
700.1072	15
701.0800	14
701.0988	18
701.1229	16
702.0857	12
703.0485	13
703.0962	14
704.0894	97
705.0925	84
706.0938	38
707.0939	36
707.3491	12
708.0699	39
709.0723	25
711.1057	83
712.1050	28
713.0881	45
714.0960	16
715.0857	30
715.1190	12
716.0901	12
717.0741	18
717.0839	21
717.1212	74
718.1200	54
719.1043	92
720.0607	28
720.1159	68
721.1198	323
722.0371	25
722.0617	49
722.1228	85
723.0429	14
723.0690	25
723.0953	20
723.1355	45
723.1863	45
724.0733	16
724.1366	15
724.1512	14
724.1930	17
725.0665	12
725.0856	13
726.0764	86
727.0752	56
728.0452	15
728.0756	32
729.0706	24
730.0578	15
730.0890	12
731.0626	16
731.0986	12
733.0867	60
734.0745	18
734.0859	24
734.0935	24
735.0713	28
736.0771	12
737.0222	14
737.0360	15
737.0640	19
737.0876	13
738.0284	13
739.0337	13
739.0479	12
739.0631	15
739.1013	37
740.0484	12
740.0966	25
741.0827	46
741.1847	24
742.0403	17
742.0922	37
742.1815	14
742.1891	13
743.1005	107
743.1850	12
744.0999	41
745.0785	64
746.0837	25
746.1005	14
747.0658	12
747.0778	13
748.0333	14
748.0549	29
749.0609	30
750.0502	23
750.0647	24
751.0528	19
751.0641	19
752.0533	13
752.0928	28
753.0443	12
753.0626	12
753.0941	19
754.0828	13
755.0694	32
756.0735	12
756.0828	12
757.0664	18
757.0798	14
759.0427	17
759.0665	25
760.0713	15
761.0834	36
762.0817	22
762.0911	21
763.0810	24
764.0500	13
764.0866	25
765.0812	83
766.0619	23
766.0820	31
767.0602	42
768.0644	16
769.0511	14
769.0692	12
770.0213	13
770.0327	14
770.0477	12
771.0346	16
771.0487	16
771.0615	12
772.0351	27
773.0422	18
774.0032	15
774.0341	40
775.0323	23
775.0506	18
775.0707	13
777.0526	18
779.0454	12
780.0547	16
781.0484	39
782.0489	18
783.0279	23
783.0631	26
783.0965	12
784.0661	13
785.0594	13
785.0722	12
786.0597	14
787.0656	41
787.0986	14
788.0394	14
788.0658	18
789.0408	31
790.0390	13
790.0482	13
791.0392	15
791.0483	15
793.1909	20
794.0198	13
794.0306	11
796.0142	14
796.0272	14
797.0258	15
801.1842	19
803.0198	13
803.0394	14
808.1538	16
809.0464	27
809.1612	16
810.0498	13
810.0590	12
811.0249	12
813.1904	12
813.2020	12
815.1990	21
816.2022	15
817.1985	13
818.9950	11
819.1919	16
819.2098	18
820.0056	17
822.1446	13
825.0235	13
829.1614	11
830.1360	26
830.1603	15
831.0288	24
831.1461	20
835.1672	18
835.1809	16
837.1110	12
837.1298	15
837.1548	33
839.1672	11
839.1844	15
841.1837	32
843.1686	20
843.1781	21
851.1401	19
851.1479	19
852.1274	16
852.1437	12
853.1261	14
854.1237	32
855.1263	15
857.1585	23
859.1365	32
860.1373	12
863.1719	27
865.1546	42
866.1542	18
866.1708	19
867.1254	20
867.1366	20
867.1757	34
868.1168	13
868.1321	18
868.1432	12
868.1785	14
873.1296	17
875.1205	12
876.1094	14
879.1443	14
881.1191	28
883.0685	14
883.0826	15
885.1532	21
887.1345	23
889.0977	14
889.1465	12
889.1621	13
891.1320	13
894.1065	14
895.1030	18
896.1002	13
897.0818	15
897.0902	16
901.1155	18
901.1288	18
903.1056	16
903.1189	18
907.1380	17
909.1175	21
911.1011	13
911.1421	26
922.0001	145
923.0025	42
927.0956	15
933.1188	18
933.1274	18
935.0973	18
935.1059	16
943.9835	23
955.1059	15
957.0747	13
